A_total_distance:513.1012573242188
B_total_distance:514.396484375
A_total_time:513.1012573242188
B_total_time:171.4654998779297
