A_total_distance:609.77197265625
B_total_distance:609.78759765625
A_total_time:304.885986328125
B_total_time:203.2625274658203
