A_total_distance:892.2593994140625
B_total_distance:896.0595703125
A_total_time:892.2593994140625
B_total_time:298.6865234375
