A_total_distance:609.4776611328125
B_total_distance:609.3563232421875
A_total_time:203.1592254638672
B_total_time:203.1187744140625
