A_total_distance:561.0512084960938
B_total_distance:561.3963623046875
A_total_time:280.5256042480469
B_total_time:187.1321258544922
