A_total_distance:660.3377685546875
B_total_distance:695.7354736328125
A_total_time:440.2251892089844
B_total_time:231.9118194580078
