A_total_distance:658.5599365234375
B_total_distance:658.9998779296875
A_total_time:329.27996826171875
B_total_time:219.6666259765625
