A_total_distance:612.2484130859375
B_total_distance:609.9635009765625
A_total_time:408.1656188964844
B_total_time:203.3211669921875
