A_total_distance:658.3289184570312
B_total_distance:658.1565551757812
A_total_time:219.44297790527344
B_total_time:219.38551330566406
