A_total_distance:554.7770385742188
B_total_distance:513.5880737304688
A_total_time:221.9108123779297
B_total_time:171.19602966308594
