A_total_distance:609.6695556640625
B_total_distance:609.64794921875
A_total_time:243.86782836914062
B_total_time:203.2159881591797
