A_total_distance:658.84326171875
B_total_distance:658.8442993164062
A_total_time:219.6144256591797
B_total_time:219.61476135253906
