A_total_distance:468.5869140625
B_total_distance:468.89324951171875
A_total_time:312.3912658691406
B_total_time:156.29774475097656
