A_total_distance:889.128662109375
B_total_distance:873.8509521484375
A_total_time:592.75244140625
B_total_time:291.2836608886719
