A_total_distance:468.9894714355469
B_total_distance:469.39666748046875
A_total_time:468.9894714355469
B_total_time:156.46556091308594
