A_total_distance:658.7380981445312
B_total_distance:658.7007446289062
A_total_time:263.4952392578125
B_total_time:219.56690979003906
