A_total_distance:561.121826171875
B_total_distance:561.81005859375
A_total_time:374.0812072753906
B_total_time:187.27001953125
