A_total_distance:524.7346801757812
B_total_distance:512.1934814453125
A_total_time:174.91156005859375
B_total_time:170.7311553955078
