A_total_distance:513.6286010742188
B_total_distance:514.0426635742188
A_total_time:342.4190673828125
B_total_time:171.34754943847656
