A_total_distance:606.4149169921875
B_total_distance:561.1128540039062
A_total_time:202.1383056640625
B_total_time:187.03761291503906
