A_total_distance:604.9959106445312
B_total_distance:560.7640380859375
A_total_time:201.66529846191406
B_total_time:186.9213409423828
