A_total_distance:606.3778076171875
B_total_distance:468.7086486816406
A_total_time:202.1259307861328
B_total_time:156.23622131347656
