A_total_distance:557.5989990234375
B_total_distance:603.7493286132812
A_total_time:557.5989990234375
B_total_time:201.24977111816406
