A_total_distance:503.740478515625
B_total_distance:468.90460205078125
A_total_time:251.8702392578125
B_total_time:156.30152893066406
