A_total_distance:513.3329467773438
B_total_distance:513.8792724609375
A_total_time:256.6664733886719
B_total_time:171.2930908203125
