A_total_distance:560.7599487304688
B_total_distance:561.0135498046875
A_total_time:224.30398559570312
B_total_time:187.0045166015625
