A_total_distance:554.9036254882812
B_total_distance:468.8085021972656
A_total_time:221.96145629882812
B_total_time:156.26950073242188
