A_total_distance:608.622314453125
B_total_distance:628.7596435546875
A_total_time:608.622314453125
B_total_time:209.5865478515625
