A_total_distance:606.3370361328125
B_total_distance:513.5905151367188
A_total_time:202.1123504638672
B_total_time:171.19683837890625
