A_total_distance:609.7042236328125
B_total_distance:609.704345703125
A_total_time:203.2347412109375
B_total_time:203.2347869873047
