A_total_distance:661.3304443359375
B_total_distance:728.010986328125
A_total_time:661.3304443359375
B_total_time:242.6703338623047
